internalTaxonId
18
137
138
139
140
142
219
263
264
265
266
267
268
269
270
271
272
273
275
276
278
279
512
547
548
550
555
556
557
565
567
568
569
570
571
572
573
574
575
576
699
700
712
714
723
724
725
726
727
728
729
730
731
733
735
736
737
738
739
740
741
742
743
746
747
748
750
751
752
753
754
755
756
757
758
760
761
762
763
764
765
766
811
843
850
851
852
854
855
856
857
858
859
860
861
865
868
875
899
914
918
922
948
949
950
951
952
953
954
955
956
958
959
1087
1089
1137
1140
1141
1149
1151
1154
1264
1265
1271
1307
1550
1551
1553
1559
1564
1566
1568
1569
1581
1583
1584
1587
1589
1590
1591
1676
1677
1681
1789
1790
1793
1794
1802
1807
1808
1869
1888
1890
1891
1892
1894
1896
1897
1898
1899
1900
1901
1902
1903
1904
1905
1906
1907
1910
1911
1912
1913
1914
1915
1916
1917
1933
2017
2045
2053
2054
2055
2057
2058
2059
2060
2061
2062
2089
2110
2121
2122
2123
2124
2125
2126
2127
2129
2130
2131
2132
2136
2137
2139
2140
2144
2145
2146
2147
2148
2149
2150
2153
2155
2156
2274
2275
2276
2279
2282
2283
2353
2354
2358
2395
2396
2397
2398
2434
2435
2446
2447
2461
2465
2466
2531
2532
2533
2538
2540
2541
2542
2553
2613
2619
2620
2642
2643
2675
2676
2756
2767
2768
2769
2770
2783
2784
2785
2787
2801
2802
2803
2814
2815
2816
2823
2824
2825
2827
2828
2857
2858
2859
2860
2861
2862
2888
2890
2891
2892
2893
2957
2963
2982
2983
2991
2993
2994
2997
2998
3036
3037
3038
3126
3127
3128
3129
3160
3322
3323
3326
3327
3328
3329
3330
3332
3333
3339
3412
3413
3414
3415
3416
3519
3549
3553
3554
3555
3564
3570
3571
3572
3575
3590
3591
3592
3593
3594
3595
3596
3597
3598
3599
3600
3601
3602
3603
3604
3605
3609
3610
3611
3612
3613
3614
3615
3616
3617
3618
3619
3620
3621
3622
3623
3648
3649
3650
3651
3745
3746
3747
3748
3753
3755
3759
3760
3786
3787
3794
3795
3796
3797
3798
3810
3811
3812
3814
3815
3816
3833
3842
3847
3858
3859
3903
3905
3906
3916
3917
3921
3999
4003
4007
4015
4037
4038
4065
4066
4068
4074
4092
4112
4133
4137
4138
4139
4140
4141
4142
4143
4144
4145
4146
4148
4149
4150
4151
4152
4153
4154
4185
4192
4200
4201
4203
4212
4214
4216
4217
4218
4219
4220
4221
4222
4223
4224
4225
4227
4229
4230
4233
4240
4248
4256
4257
4265
4273
4274
4305
4306
4307
4308
4309
4310
4311
4312
4313
4314
4315
4316
4317
4319
4320
4321
4327
4328
4329
4330
4331
4332
4333
4334
4335
4336
4337
4338
4366
4369
4414
4417
4419
4420
4421
4422
4425
4600
4601
4603
4604
4627
4634
4647
4648
4649
4651
4652
4655
4658
4659
4660
4664
4665
4666
4667
4668
4669
4670
4671
4679
4680
4681
4682
4683
4684
4685
4691
4692
4693
4703
4704
4766
4767
4768
4772
4774
4775
4776
4777
4778
4803
4804
4806
4807
4808
4810
4811
4812
4819
4828
4829
4972
4973
4974
4975
4983
4989
5042
5074
5076
5083
5084
5112
5113
5142
5143
5144
5145
5146
5151
5221
5224
5228
5229
5481
5499
5500
5501
5502
5512
5513
5514
5521
5523
5524
5525
5526
5527
5528
5529
5558
5559
5560
5561
5562
5565
5566
5567
5568
5569
5570
5571
5572
5575
5576
5578
5580
5582
5583
5584
5585
5587
5588
5589
5590
5591
5592
5593
5594
5595
5596
5597
5598
5600
5601
5602
5603
5604
5605
5608
5609
5610
5611
5613
5614
5615
5616
5617
5618
5619
5620
5621
5622
5623
5624
5625
5626
5627
5628
5629
5630
5631
5632
5633
5634
5635
5636
5637
5638
5639
5640
5674
5679
5704
5705
5706
5748
5749
5751
5752
5753
5754
5756
5757
5760
5763
5764
5765
5766
5792
5793
5795
5796
5797
5798
5799
5800
5801
5802
5803
5804
5806
5807
5808
5809
5810
5811
5812
5813
5814
5815
5817
5818
5819
5820
5821
5822
5823
5824
5825
5826
5827
5828
5829
5830
5831
5832
5953
6019
6081
6082
6089
6090
6091
6103
6104
6105
6106
6107
6204
6206
6219
6220
6221
6222
6223
6224
6225
6226
6232
6234
6235
6265
6266
6267
6268
6269
6270
6271
6272
6278
6279
6281
6282
6283
6285
6286
6287
6288
6289
6290
6291
6292
6293
6294
6295
6296
6299
6300
6301
6302
6313
6329
6330
6405
6409
6410
6426
6427
6429
6431
6432
6433
6434
6435
6436
6437
6439
6440
6441
6442
6443
6444
6445
6446
6447
6448
6449
6483
6490
6491
6506
6508
6509
6510
6511
6520
6553
6557
6561
6562
6563
6564
6567
6568
6569
6607
6608
6622
6628
6635
6662
6663
6664
6671
6675
6676
6678
6682
6683
6684
6685
6686
6690
6691
6693
6705
6765
6770
6771
6772
6773
6774
6775
6776
6777
6778
6780
6785
6786
6793
6794
6795
6799
6800
6801
6802
6820
6821
6822
6823
6824
6834
6858
6859
6860
6909
6924
6925
6926
6927
6928
6929
6931
6977
6978
6979
6980
6981
6982
6983
6984
6985
6987
6989
6990
7010
7014
7015
7016
7017
7018
7019
7030
7083
7084
7112
7121
7136
7137
7138
7140
7577
7578
7579
7618
7619
7621
7622
7623
7624
7625
7626
7653
7654
7655
7656
7657
7667
7668
7669
7670
7671
7672
7673
7674
7750
7781
7782
7783
7786
7787
7797
7798
7799
7800
7801
7802
7803
7804
7805
7806
7899
7901
7902
7903
7905
7906
7907
7908
7909
7910
7911
7912
7913
7914
7915
7916
7919
7920
7921
7922
7923
7924
7926
7927
7928
7929
7931
7932
7935
7936
7937
7938
7939
7942
7944
7945
7949
7950
7951
7953
7960
7994
7995
8004
8010
8032
8033
8073
8162
8166
8168
8199
8202
8203
8204
8205
8206
8207
8209
8210
8211
8212
8239
8241
8243
8245
8246
8247
8248
8256
8257
8258
8265
8266
8269
8306
8385
8386
8418
8436
8437
8438
8540
8541
8542
8548
8553
8668
8700
8701
8702
8703
8704
8755
8756
8757
8758
8759
8760
8761
8762
8763
8771
8785
8786
8787
8788
8789
8790
8823
8825
8826
8827
8833
8834
8967
8968
8969
8971
8972
8973
8975
8976
8978
8982
8992
8994
8997
8998
9001
9048
9054
9055
9056
9062
9077
9089
9092
9093
9094
9095
9096
9097
9099
9100
9101
9104
9105
9106
9109
9110
9113
9114
9116
9119
9120
9121
9123
9124
9125
9126
9127
9128
9129
9130
9131
9132
9133
9134
9135
9136
9137
9138
9140
9141
9142
9143
9144
9145
9149
9150
9151
9153
9155
9194
9240
9245
9246
9247
9248
9273
9274
9275
9276
9277
9283
9303
9404
9416
9417
9418
9419
9420
9421
9422
9450
9451
9452
9453
9454
9455
9456
9457
9458
9459
9460
9465
9466
9467
9480
9481
9483
9484
9485
9486
9487
9488
9491
9492
9493
9561
9564
9581
9608
9609
9610
9611
9618
9630
9631
9632
9660
9672
9673
9674
9676
9678
9679
9680
9690
9736
9740
9759
9760
9828
9830
9831
9832
9833
9834
9835
9869
9917
9918
9919
9948
9975
9976
9977
9978
9979
9987
9997
10004
10005
10007
10009
10010
10032
10053
10054
10103
10107
10108
10109
10110
10111
10112
10113
10114
10115
10116
10117
10118
10119
10120
10121
10122
10123
10124
10125
10126
10127
10128
10129
10130
10131
10132
10133
10134
10135
10136
10137
10138
10139
10140
10141
10142
10143
10144
10145
10146
10147
10148
10149
10150
10151
10152
10153
10154
10155
10156
10157
10160
10161
10162
10163
10164
10165
10166
10167
10170
10200
10201
10202
10203
10211
10217
10218
10219
10220
10259
10274
10276
10278
10280
10281
10282
10283
10300
10310
10311
10312
10313
10314
10329
10340
10341
10543
10547
10548
10550
10552
10588
10589
10590
10591
10592
10593
10594
10595
10598
10600
10602
10604
10605
10606
10607
10608
10632
10633
10635
10636
10642
10643
10714
10734
10746
10748
10749
10750
10751
10752
10753
10754
10755
10761
10762
10763
10764
10790
10794
10796
10826
10831
10845
10846
10851
10863
10879
10886
10887
10911
10912
10913
10954
10957
10966
10969
10970
10971
10972
10973
10974
10975
10976
10977
10978
10979
10980
10981
10982
10983
10984
10985
10986
10987
10988
11033
11034
11035
11036
11037
11050
11061
11062
11135
11136
11137
11138
11148
11149
11161
11162
11170
11171
11175
11179
11186
11202
11304
11305
11306
11307
11339
11340
11341
11342
11343
11345
11347
11348
11349
11350
11351
11352
11353
11374
11378
11384
11385
11387
11480
11481
11482
11486
11487
11488
11489
11490
11491
11492
11493
11494
11495
11496
11498
11499
11500
11503
11505
11506
11509
11511
11518
11519
11520
11521
11616
11617
11618
11619
11620
11621
11622
11633
11634
11638
11691
11692
11693
11696
11697
11699
11790
11791
11792
11793
11794
11795
11796
11797
11856
11933
11979
11980
12073
12074
12075
12076
12077
12078
12119
12142
12263
12264
12265
12266
12267
12268
12269
12270
12271
12272
12273
12274
12302
12303
12304
12305
12308
12309
12310
12349
12350
12351
12352
12354
12355
12356
12357
12361
12375
12392
12419
12420
12421
12427
12436
12518
12519
12520
12521
12548
12549
12550
12551
12552
12553
12554
12555
12556
12558
12559
12560
12561
12562
12563
12568
12570
12590
12592
12594
12595
12615
12620
12626
12627
12646
12647
12650
12652
12653
12655
12656
12667
12668
12669
12670
12702
12703
12704
12712
12721
12722
12723
12724
12753
12754
12761
12762
12763
12764
12765
12766
12767
12795
12796
12797
12812
12813
12814
12815
12816
12817
12819
12820
12822
12823
12824
12825
12826
12827
12828
12829
12830
12831
12832
12835
12847
12848
12855
12863
12865
12866
12868
12869
12891
12892
12893
12894
12895
12896
12897
12898
12899
12900
12901
12902
12903
12904
12905
12906
12907
12913
12914
12937
12938
12939
12940
12941
12942
12945
12946
12947
12948
13046
13047
13048
13079
13110
13114
13115
13116
13117
13118
13119
13120
13122
13123
13124
13125
13126
13127
13128
13129
13130
13131
13133
13139
13140
13141
13143
13144
13159
13160
13161
13162
13163
13164
13165
13166
13167
13168
13169
13170
13171
13172
13173
13209
13211
13212
13215
13216
13217
13218
13219
13220
13221
13222
13233
13234
13235
13237
13240
13296
13297
13319
13320
13321
13323
13325
13332
13343
13344
13349
13350
13355
13356
13373
13375
13376
13377
13378
13379
13380
13381
13382
13383
13384
13390
13393
13394
13401
13402
13407
13408
13409
13410
13411
13412
13418
13425
13426
13427
13428
13429
13430
13431
13432
13433
13435
13436
13438
13439
13440
13442
13443
13444
13445
13446
13447
13448
13449
13451
13452
13453
13454
13455
13456
13457
13458
13459
13461
13462
13463
13464
13486
13487
13488
13489
13490
13491
13493
13494
13522
13523
13524
13525
13556
13559
13560
13562
13563
13564
13565
13566
13567
13568
13569
13570
13571
13572
13581
13583
13584
13603
13604
13637
13638
13639
13640
13641
13642
13643
13644
13645
13648
13649
13650
13653
13654
13693
13694
13695
13696
13698
13703
13719
13720
13837
13838
13839
13840
13841
13842
13843
13844
13845
13846
13847
13848
13849
13850
13877
13878
13880
13881
13882
13883
13884
13885
13887
13888
13894
13895
13896
13897
13901
13904
13922
13923
13924
13926
13927
13928
13930
13931
13935
13936
13937
13938
13939
13940
13941
13942
13943
13944
13945
13947
13948
13949
13950
13952
13953
13954
13955
13956
13957
13958
13959
13960
13961
13962
13963
13964
13966
13967
13968
13969
13970
13973
13975
13976
13977
13978
13979
13980
13981
13982
13983
13984
13985
13986
13987
13988
13989
13992
14003
14018
14019
14020
14025
14026
14027
14055
14085
14086
14087
14088
14089
14096
14097
14098
14100
14102
14103
14104
14105
14106
14107
14108
14110
14111
14112
14113
14114
14115
14116
14118
14119
14120
14121
14122
14123
14124
14125
14126
14127
14128
14129
14132
14133
14134
14135
14136
14138
14139
14140
14141
14142
14143
14144
14145
14146
14147
14148
14149
14150
14151
14152
14153
14154
14155
14156
14157
14158
14159
14160
14161
14162
14163
14164
14165
14166
14168
14169
14170
14171
14172
14174
14175
14176
14177
14178
14181
14182
14183
14184
14185
14186
14187
14189
14190
14191
14192
14193
14194
14195
14196
14197
14198
14199
14201
14202
14203
14204
14205
14206
14207
14208
14209
14210
14211
14213
14222
14224
14256
14258
14260
14261
14262
14288
14294
14295
14296
14303
14325
14326
14327
14328
14333
14352
14358
14360
14361
14362
14386
14387
14388
14473
14474
14475
14486
14487
14519
14520
14528
14541
14549
14560
14581
14582
14583
14585
14586
14587
14588
14590
14591
14592
14593
14594
14597
14600
14601
14602
14603
14604
14660
14661
14662
14671
14707
14709
14740
14741
14742
14743
14744
14812
14813
14814
14815
14816
14817
14818
14819
14820
14821
14822
14823
14824
14825
14826
14829
14830
14854
14862
14863
14867
14868
14869
14876
14878
14879
14918
14919
14920
14921
14922
14923
14925
14926
14927
14928
14929
14930
14931
14932
14933
14934
14935
14936
14937
14939
14941
14942
14943
14944
14945
14946
14947
14953
14954
14955
14956
14958
14959
14960
14961
14962
14963
14964
14965
14966
14967
14993
14994
14995
14996
14999
15000
15001
15003
15004
15005
15006
15007
15008
15009
15011
15046
15048
15050
15051
15052
15053
15087
15088
15089
15090
15091
15093
15106
15131
15132
15134
15135
15136
15137
15138
15139
15140
15141
15142
15143
15164
15165
15188
15189
15190
15241
15242
15243
15244
15245
15246
15247
15248
15249
15250
15251
15252
15253
15254
15309
15310
15311
15324
15330
15337
15338
15339
15452
15485
15544
15546
15548
15549
15568
15569
15571
15573
15584
15585
15586
15587
15588
15591
15592
15593
15594
15595
15597
15598
15600
15602
15603
15604
15605
15606
15607
15608
15609
15611
15612
15613
15614
15615
15616
15617
15629
15640
15642
15643
15644
15645
15646
15647
15648
15649
15650
15651
15652
15653
15655
15657
15659
15660
15661
15662
15664
15665
15666
15730
15733
15735
15739
15740
15783
15784
15785
15786
15787
15788
15789
15791
15792
15793
15803
15865
15917
15932
15933
15951
15953
15954
15955
15967
15975
16018
16019
16022
16025
16026
16028
16042
16043
16074
16104
16114
16121
16122
16138
16174
16202
16203
16204
16205
16206
16207
16208
16209
16210
16211
16212
16218
16270
16271
16375
16426
16458
16467
16484
16506
16507
16508
16509
16510
16559
16563
16569
16572
16631
16633
16634
16635
16636
16637
16651
16652
16653
16654
16655
16656
16658
16659
16660
16661
16662
16663
16664
16665
16666
16667
16668
16669
16670
16671
16672
16673
16674
16675
16676
16677
16678
16679
16680
16681
16682
16683
16684
16685
16686
16687
16688
16689
16690
16691
16692
16693
16694
16695
16696
16697
16707
16708
16709
16710
16711
16714
16715
16716
16718
16719
16720
16721
16722
16723
16724
16725
16726
16727
16728
16730
16731
16732
16733
16734
16735
16736
16737
16739
16740
16744
16746
16747
16750
16751
16752
16753
16761
16776
16777
16778
16779
16780
16799
16846
16847
16850
16851
16852
16853
16854
16855
16856
16857
16858
16872
16873
16874
16875
16887
16888
16889
16890
16892
16893
16894
16899
16900
16981
17003
17004
17013
17023
17026
17035
17036
17037
17168
17173
17175
17176
17216
17217
17218
17219
17220
17221
17222
17223
17224
17225
17226
17227
17228
17229
17230
17231
17232
17314
17315
17316
17317
17320
17321
17323
17324
17326
17327
17328
17331
17332
17334
17335
17338
17340
17341
17342
17343
17344
17345
17346
17347
17348
17349
17350
17351
17353
17355
17356
17358
17359
17360
17361
17362
17364
17366
17367
17368
17369
17370
17400
17401
17402
17460
17474
17481
17487
17565
17566
17567
17568
17571
17572
17574
17596
17597
17598
17599
17600
17601
17602
17618
17828
17829
17830
17831
17877
17878
17879
17882
17883
17884
17885
17975
17978
18095
18102
18107
18113
18114
18115
18116
18117
18118
18119
18120
18125
18126
18127
18128
18129
18130
18131
18132
18134
18144
18146
18148
18149
18150
18164
18230
18231
18232
18245
18267
18272
18275
18276
18277
18278
18279
18280
18281
18282
18284
18287
18288
18289
18291
18293
18294
18296
18297
18298
18299
18300
18301
18305
18306
18339
18341
18352
18354
18355
18356
18357
18358
18359
18360
18361
18362
18364
18365
18372
18385
18386
18418
18419
18447
18492
18502
18503
18504
18505
18507
18508
18509
18549
18550
18552
18553
18554
18555
18557
18558
18559
18561
18562
18563
18565
18566
18567
18568
18570
18571
18597
18598
18653
18654
18655
18656
18657
18658
18701
18702
18703
18705
18706
18707
18709
18710
18711
18713
18714
18715
18716
18719
18721
18722
18723
18724
18725
18726
18728
18729
18731
18732
18733
18734
18735
18736
18737
18739
18740
18741
18742
18743
18744
18745
18746
18747
18750
18751
18752
18753
18754
18755
18756
18757
18758
18759
18760
18762
18764
18765
18766
18767
18768
18769
18773
18847
18848
18868
18880
18942
18943
18944
18945
19306
19307
19308
19318
19319
19320
19321
19322
19323
19324
19325
19326
19327
19328
19329
19330
19331
19333
19334
19335
19336
19337
19338
19339
19340
19341
19342
19343
19345
19346
19347
19348
19349
19350
19352
19353
19354
19355
19356
19357
19358
19359
19360
19361
19362
19363
19364
19365
19366
19367
19368
19369
19370
19371
19372
19376
19377
19378
19381
19390
19391
19392
19399
19401
19402
19403
19404
19405
19406
19407
19408
19409
19410
19411
19412
19413
19414
19415
19416
19417
19418
19419
19454
19474
19484
19485
19486
19487
19495
19496
19515
19516
19517
19518
19519
19520
19521
19522
19523
19525
19526
19527
19528
19529
19530
19531
19532
19533
19535
19537
19538
19539
19541
19542
19545
19546
19547
19548
19549
19550
19551
19552
19553
19554
19556
19557
19558
19559
19560
19561
19562
19563
19564
19565
19566
19567
19568
19569
19570
19571
19572
19573
19574
19575
19576
19577
19589
19591
19592
19593
19594
19595
19596
19597
19600
19602
19605
19606
19607
19608
19609
19610
19611
19612
19614
19616
19617
19618
19645
19646
19647
19679
19680
19681
19682
19683
19684
19685
19686
19705
19708
19709
19710
19711
19712
19713
19714
19742
19749
19750
19751
19754
19755
19756
19757
19758
19762
19771
19790
19799
19800
19801
19802
19804
19805
19806
19807
19808
19809
19819
19823
19824
19832
19836
19839
19852
19863
19864
19865
19866
19867
19945
19997
19998
19999
20000
20001
20003
20004
20005
20007
20008
20009
20010
20011
20012
20013
20014
20015
20016
20017
20018
20019
20020
20021
20022
20023
20024
20025
20026
20033
20036
20037
20052
20053
20054
20055
20056
20058
20059
20064
20065
20066
20067
20068
20069
20070
20071
20072
20073
20089
20102
20165
20184
20185
20186
20187
20188
20189
20190
20191
20192
20193
20195
20196
20210
20211
20212
20213
20214
20215
20216
20217
20218
20221
20222
20229
20290
20293
20295
20296
20297
20320
20321
20332
20333
20334
20335
20336
20383
20384
20385
20386
20387
20388
20389
20390
20391
20392
20393
20394
20395
20396
20397
20411
20416
20427
20428
20429
20430
20431
20468
20471
20472
20474
20475
20476
20477
20478
20479
20481
20482
20483
20484
20485
20486
20487
20488
20489
20490
20491
20492
20493
20494
20495
20496
20521
20599
20629
20630
20631
20633
20636
20637
20638
20639
20688
20717
20718
20719
20720
20721
20722
20740
20741
20743
20757
20758
20759
20760
20761
20863
20890
20892
20949
20950
20951
20952
20955
20956
20957
20958
20960
21100
21101
21102
21103
21134
21135
21140
21141
21142
21143
21144
21146
21147
21148
21150
21151
21152
21153
21154
21155
21156
21157
21158
21159
21160
21161
21162
21163
21164
21172
21174
21175
21176
21177
21178
21183
21184
21185
21203
21206
21207
21209
21210
21211
21212
21216
21219
21220
21221
21222
21251
21260
21293
21299
21311
21312
21313
21314
21316
21317
21318
21328
21329
21330
21331
21332
21333
21349
21350
21355
21356
21357
21358
21359
21360
21364
21378
21379
21380
21381
21382
21452
21453
21454
21455
21456
21457
21458
21459
21460
21461
21462
21463
21465
21466
21471
21472
21473
21474
21488
21489
21490
21491
21492
21493
21495
21496
21507
21508
21509
21510
21511
21512
21513
21514
21515
21516
21517
21518
21519
21520
21521
21522
21523
21524
21526
21527
21528
21661
21690
21691
21692
21693
21694
21695
21702
21703
21744
21770
21771
21773
21775
21776
21777
21778
21779
21780
21781
21783
21784
21785
21786
21787
21788
21790
21791
21792
21793
21799
21800
21809
21810
21815
21839
21846
21847
21867
21870
21873
21874
21877
21878
21879
21972
21973
21974
21975
21982
21983
21984
21986
21987
22029
22034
22035
22037
22039
22040
22041
22042
22043
22045
22046
22047
22050
22051
22052
22053
22054
22055
22065
22066
22102
22103
22104
22132
22297
22431
22432
22446
22454
22570
22571
22572
22573
22574
22575
22576
22577
22578
22586
22605
22732
22771
22780
22781
22782
22783
22784
22800
22801
22802
22803
22804
22805
22806
22809
22810
22823
22824
22837
22838
22839
22840
22841
22843
22844
22845
22918
22920
22933
22947
22949
22956
23036
23041
23042
23043
23044
23049
23050
23051
23053
23059
23060
23061
23062
23076
23077
23078
23091
23115
23137
23141
23144
23145
23146
23147
23178
23179
23192
23196
23197
23204
23321
23322
23323
23324
23325
23326
23327
23328
27926
29401
29402
29403
29404
29405
29418
29420
29434
29458
29459
29460
29461
29462
29463
29464
29465
29466
29473
29484
29485
29606
29607
29619
29620
29621
29622
29650
29651
29652
29654
29655
29656
29657
29658
29659
29660
29661
29662
29663
29664
29665
29666
29667
29668
29670
29672
29673
29674
29679
29680
29684
29730
29742
30208
39250
39255
39314
39315
39316
39426
39553
39591
39593
39594
39751
39758
39759
39761
39775
39776
39779
39792
39794
39795
39803
39826
39827
39828
39832
39833
39837
39840
39853
39869
39874
39876
39879
39895
39896
39910
39911
39912
39913
39914
39915
39916
39924
39925
39926
39927
39928
39929
39930
39943
39944
39945
39947
39948
39949
39953
39954
39956
39957
39960
39961
39974
39992
39994
40015
40019
40022
40023
40024
40025
40026
40027
40028
40032
40033
40037
40039
40488
40489
40500
40501
40502
40503
40504
40505
40506
40507
40508
40509
40510
40511
40513
40514
40515
40516
40517
40520
40521
40522
40523
40524
40525
40526
40527
40529
40530
40531
40533
40534
40535
40536
40537
40538
40539
40540
40541
40542
40543
40544
40545
40546
40547
40548
40549
40550
40551
40552
40553
40554
40555
40556
40557
40558
40559
40560
40561
40562
40563
40564
40565
40566
40567
40568
40569
40570
40571
40573
40574
40575
40576
40577
40578
40579
40580
40581
40582
40583
40584
40585
40586
40587
40589
40591
40592
40593
40594
40595
40596
40597
40600
40601
40602
40603
40604
40605
40606
40607
40608
40609
40610
40611
40612
40613
40614
40615
40616
40617
40618
40620
40621
40622
40623
40624
40625
40626
40627
40628
40629
40630
40631
40632
40633
40636
40637
40638
40639
40640
40641
40642
40643
40644
40647
40649
40651
40652
40653
40765
40766
40767
40768
40775
40789
40800
41013
41023
41026
41210
41211
41212
41255
41256
41257
41258
41259
41260
41261
41264
41265
41267
41268
41269
41270
41271
41272
41273
41274
41275
41276
41277
41278
41279
41280
41281
41282
41283
41284
41285
41286
41287
41288
41289
41291
41292
41293
41294
41295
41296
41297
41298
41299
41300
41301
41302
41303
41305
41306
41307
41308
41310
41311
41312
41314
41315
41316
41317
41318
41319
41321
41322
41323
41324
41325
41326
41327
41328
41329
41330
41331
41332
41333
41334
41335
41336
41337
41338
41339
41340
41341
41342
41344
41345
41346
41347
41348
41349
41350
41351
41352
41353
41354
41355
41356
41357
41358
41359
41360
41361
41362
41363
41364
41365
41366
41367
41368
41369
41371
41374
41375
41376
41377
41378
41379
41380
41381
41382
41383
41384
41385
41386
41387
41388
41389
41390
41391
41392
41393
41394
41395
41396
41398
41399
41400
41401
41402
41403
41404
41405
41406
41408
41409
41410
41411
41412
41413
41414
41415
41416
41417
41418
41419
41420
41421
41422
41423
41424
41425
41426
41427
41428
41429
41430
41431
41432
41433
41434
41435
41436
41437
41438
41440
41441
41442
41443
41444
41445
41446
41447
41448
41449
41450
41451
41452
41453
41454
41455
41456
41458
41459
41460
41461
41462
41463
41465
41466
41467
41468
41469
41470
41471
41472
41473
41474
41475
41476
41477
41478
41479
41480
41481
41482
41483
41484
41485
41486
41487
41488
41489
41490
41491
41492
41493
41495
41496
41497
41498
41499
41500
41501
41502
41503
41504
41506
41507
41508
41509
41510
41511
41512
41513
41514
41515
41516
41517
41518
41519
41520
41521
41522
41523
41524
41525
41526
41527
41528
41529
41530
41531
41532
41533
41534
41535
41536
41537
41538
41539
41540
41542
41543
41544
41545
41546
41547
41548
41549
41550
41552
41553
41554
41555
41556
41557
41558
41559
41560
41561
41562
41563
41564
41565
41566
41567
41570
41571
41572
41573
41576
41579
41580
41583
41584
41586
41587
41588
41589
41590
41591
41592
41593
41594
41595
41596
41597
41598
41599
41600
41605
41606
41608
41609
41610
41611
41612
41613
41615
41616
41617
41618
41619
41620
41621
41622
41623
41624
41626
41627
41628
41629
41630
41631
41632
41633
41634
41635
41636
41637
41639
41640
41642
41643
41644
41645
41646
41647
41648
41649
41650
41651
41652
41653
41654
41655
41656
41657
41658
41659
41660
41661
41662
41663
41664
41665
41666
41668
41669
41670
41671
41672
41676
41679
41680
41683
41684
41685
41686
41687
41688
41689
41690
41691
41692
41693
41694
41695
41696
41697
41698
41699
41700
41701
41702
41703
41704
41705
41706
41707
41708
41709
41710
41763
41766
41767
41768
41769
41770
41771
41772
41773
41775
41777
41778
41779
41780
41781
41783
41784
41786
41787
41788
41789
41790
41879
41986
42188
42189
42190
42191
42393
42394
42395
42396
42397
42398
42399
42451
42452
42453
42454
42455
42456
42457
42458
42459
42460
42461
42462
42463
42464
42465
42466
42467
42468
42469
42470
42561
42562
42563
42564
42565
42566
42567
42568
42569
42570
42571
42572
42573
42574
42575
42576
42577
42578
42579
42580
42581
42582
42583
42584
42585
42586
42587
42588
42589
42590
42591
42593
42594
42595
42596
42597
42598
42599
42600
42603
42604
42605
42606
42607
42608
42609
42610
42612
42613
42614
42615
42616
42617
42618
42619
42620
42622
42624
42625
42626
42627
42628
42629
42630
42631
42632
42633
42634
42635
42636
42637
42638
42639
42640
42641
42642
42643
42646
42647
42648
42649
42650
42651
42652
42653
42654
42655
42656
42657
42658
42659
42660
42661
42662
42663
42664
42666
42670
42673
42674
42675
42678
42679
42680
42691
42692
42694
42695
42696
42697
43891
43892
43912
44166
44172
44195
44687
44689
44692
44693
44694
44695
44696
44697
44698
44703
44704
44722
44781
44782
44783
44784
44785
44786
44787
44788
44789
44790
44791
44792
44793
44794
44795
44796
44797
44798
44799
44800
44851
44852
44853
44854
44855
44856
44857
44858
44860
44861
44862
44863
44864
44915
44916
44917
44918
44919
44920
44921
44922
44923
44924
44925
44926
44927
44928
44930
44931
44934
44935
44936
44938
44939
44990
44991
44992
45047
45048
45049
45050
45051
45052
45053
45054
45055
45056
45057
45058
45059
45060
45061
45065
45067
45069
45071
45072
45076
45077
45078
45088
45089
45090
45091
45092
45093
45094
45095
45096
45097
45199
45200
61924
62006
62007
62008
62009
62011
62012
62013
62014
62015
62016
62017
62018
62019
63541
63543
135161
135164
135446
135458
135485
135724
135725
136192
136193
136194
136195
136196
136197
136198
136199
136200
136202
136203
136204
136205
136206
136207
136208
136210
136211
136212
136214
136215
136216
136217
136218
136219
136220
136221
136222
136223
136224
136226
136227
136228
136229
136231
136232
136233
136234
136236
136237
136238
136239
136240
136242
136243
136244
136245
136247
136249
136250
136252
136253
136254
136255
136256
136257
136258
136259
136260
136261
136262
136263
136264
136265
136266
136267
136268
136269
136270
136271
136272
136273
136274
136275
136276
136277
136278
136279
136281
136282
136283
136284
136285
136286
136289
136290
136291
136292
136293
136295
136296
136297
136298
136299
136301
136302
136303
136304
136305
136306
136308
136309
136310
136311
136313
136316
136317
136319
136320
136321
136322
136323
136324
136325
136326
136327
136328
136330
136331
136332
136333
136334
136335
136336
136338
136339
136340
136341
136342
136343
136344
136345
136346
136347
136348
136350
136351
136352
136354
136355
136357
136358
136359
136360
136361
136362
136364
136365
136366
136367
136369
136370
136372
136373
136375
136376
136377
136378
136379
136380
136382
136384
136385
136386
136388
136389
136390
136391
136392
136393
136394
136395
136396
136397
136398
136399
136400
136401
136402
136404
136407
136409
136410
136411
136412
136413
136414
136416
136417
136418
136419
136422
136423
136424
136425
136426
136428
136429
136431
136433
136434
136435
136437
136438
136439
136442
136443
136444
136446
136447
136448
136449
136450
136453
136454
136455
136457
136458
136459
136460
136461
136462
136463
136464
136465
136466
136467
136468
136471
136472
136474
136475
136476
136477
136479
136481
136482
136483
136484
136485
136486
136487
136488
136489
136490
136491
136492
136493
136494
136495
136496
136497
136498
136499
136500
136501
136502
136503
136504
136505
136507
136508
136509
136510
136512
136513
136516
136517
136518
136519
136521
136522
136523
136524
136526
136527
136528
136529
136530
136533
136535
136536
136537
136539
136541
136542
136543
136545
136546
136547
136548
136549
136550
136551
136552
136553
136554
136555
136556
136557
136559
136560
136561
136563
136564
136566
136567
136568
136569
136570
136571
136573
136574
136576
136577
136578
136580
136581
136582
136583
136585
136586
136587
136588
136589
136590
136591
136592
136593
136594
136597
136598
136599
136601
136603
136604
136606
136607
136608
136609
136610
136611
136613
136615
136616
136618
136619
136620
136621
136622
136624
136625
136626
136627
136628
136629
136630
136631
136632
136633
136634
136635
136636
136637
136638
136639
136641
136642
136643
136644
136645
136646
136647
136649
136650
136651
136652
136653
136654
136655
136656
136659
136660
136662
136663
136664
136665
136666
136668
136671
136672
136673
136674
136675
136676
136677
136678
136679
136680
136681
136682
136683
136684
136685
136686
136687
136688
136689
136690
136691
136693
136695
136696
136698
136699
136700
136701
136702
136703
136704
136705
136706
136707
136708
136709
136710
136711
136712
136713
136714
136715
136716
136717
136718
136719
136722
136723
136725
136726
136727
136728
136730
136731
136732
136733
136734
136735
136736
136737
136738
136739
136741
136742
136743
136745
136746
136747
136749
136750
136751
136752
136753
136754
136755
136756
136757
136758
136759
136760
136761
136763
136764
136765
136766
136767
136769
136771
136772
136773
136774
136775
136777
136778
136779
136780
136781
136782
136783
136784
136785
136786
136787
136789
136790
136791
136792
136793
136795
136796
136797
136798
136799
136801
136802
136803
136804
136806
136808
136809
136810
136811
136812
136813
136815
136816
136817
136818
136819
136820
136821
136822
136823
136824
136825
136826
136827
136828
136829
136830
136831
136833
136834
136835
136837
136838
136839
136840
136841
136842
136843
136844
136845
165924
165925
195277
